Elapsed time [s]:
1729.9042377471924

Train losses
0.34076325063872487	0.25848757110203907	0.220917621615586	0.1891615971638139	0.16920899775377504	0.16036747063800788	0.15333161284779287	0.15011993202434223	0.1450815228330102	0.14262540757086625	0.14033610497120838	0.13877350960377674	0.13559013339364603	0.1347300292579991	0.13444972645704914	0.13282409652023558	0.13391358922621246	0.1312420841330176	0.13120676619801552	0.13105282709477054	

Test losses
0.2722198311239481	0.23072556173428893	0.1919662980362773	0.17118155024945736	0.15693098260089755	0.15209884475916624	0.1443149629049003	0.14083589799702168	0.13554258923977613	0.13289681472815573	0.1336338291876018	0.12954620434902608	0.12963435612618923	0.12930604885332286	0.13027192396111786	0.12680713506415486	0.12480705813504755	0.1254445614758879	0.12607275950722396	0.12157231685705483	

Learning rate
0.0001	0.0001	0.0001	0.0001	0.0001	0.0001	0.0001	0.0001	0.0001	0.0001	0.0001	0.0001	0.0001	0.0001	0.0001	0.0001	0.0001	0.0001	0.0001	0.0001	

Parameters
    "training": {
        "n_train": -1,
        "n_test": -1,
        "classes": [
            2
        ],
        "batch_size": 32,
        "epochs": 20,
        "learning_rate": 0.0001,
        "loss_kind": "mse",
        "_possible_loss_kinds": [
            "mse",
            "l1"
        ],
        "optimizer": "Adam",
        "model_name": "unet_lite",
        "_possible_model_names": [
            "unet",
            "unet_lite",
            "dummy",
            "simple"
        ],
        "dataset_idx": 1,
        "mask_idx": 1
    },
    "masks": {
        "n_masks": 1000,
        "mask_kind": "lines",
        "_possible_mask_kinds": [
            "square",
            "lines"
        ],
        "square": {
            "mask_percentage": 0.1
        },
        "lines": {
            "num_lines": 5,
            "min_thickness": 1,
            "max_thickness": 3
        }
    },
    "dataset": {
        "nrows": 32,
        "ncols": 32
    },
    "model": {
        "unet": {
            "e_filters": [
                3,
                64,
                128,
                256,
                512,
                512,
                512,
                512,
                512
            ],
            "d_filters": [
                512,
                512,
                512,
                512,
                256,
                128,
                64,
                3,
                3
            ],
            "e_kernels": [
                3,
                3,
                3,
                3,
                3,
                3,
                3,
                3
            ],
            "d_kernels": [
                3,
                3,
                3,
                3,
                3,
                3,
                3,
                3,
                1
            ],
            "e_bn": [
                0,
                1,
                1,
                1,
                1,
                1,
                1,
                1
            ],
            "d_bn": [
                1,
                1,
                1,
                1,
                1,
                1,
                1,
                0
            ],
            "e_strides": [
                2,
                2,
                2,
                2,
                2,
                2,
                2,
                2
            ],
            "d_strides": [
                2,
                2,
                2,
                2,
                2,
                2,
                2,
                2
            ]
        },
        "unet_lite": {
            "e_filters": [
                3,
                32,
                32,
                64,
                64,
                128,
                128,
                256,
                256
            ],
            "d_filters": [
                256,
                128,
                128,
                64,
                64,
                32,
                32,
                3,
                3
            ],
            "e_kernels": [
                7,
                5,
                5,
                3,
                3,
                3,
                3,
                3
            ],
            "d_kernels": [
                3,
                3,
                3,
                3,
                3,
                3,
                3,
                3,
                1
            ],
            "e_bn": [
                0,
                1,
                0,
                1,
                0,
                1,
                0,
                1
            ],
            "e_strides": [
                1,
                2,
                1,
                2,
                1,
                2,
                1,
                2
            ]
        }
    }


