Elapsed time [s]:
16843.831022500992

Train losses
0.24475608948172473	0.1675857726343915	0.1618212953648427	0.15983551416024136	0.15876067159024096	0.1583402663640921	0.15784526765537202	0.15781997399248532	0.15745660165469005	0.15728841460788395	0.15742231832050926	0.15687000691909783	0.1567258088303085	0.15669658765320738	0.15623664865490725	0.15643641799783675	0.15645825348065132	0.15651947733727464	0.15612395369922666	0.15621800211115824	

Test losses
0.17337914958548623	0.16088029211416793	0.15708127382178658	0.157608644054911	0.1558906103903874	0.1559351464858451	0.15489482591613032	0.15450368809719056	0.15351438160521536	0.1545263140584333	0.15495604021956746	0.15418322312946137	0.15345849158664862	0.15404670992598365	0.15457937492730137	0.15373101773353431	0.15349510640572436	0.1533685704104055	0.15247245668507994	0.15373103639569147	

Learning rate
0.0001	0.0001	0.0001	0.0001	0.0001	0.0001	0.0001	0.0001	0.0001	0.0001	0.0001	0.0001	0.0001	0.0001	0.0001	0.0001	0.0001	0.0001	0.0001	0.0001	

Parameters
    "training": {
        "n_train": -1,
        "n_test": -1,
        "classes": [
            2
        ],
        "batch_size": 32,
        "epochs": 20,
        "learning_rate": 0.0001,
        "loss_kind": "mse",
        "_possible_loss_kinds": [
            "mse",
            "l1"
        ],
        "optimizer": "Adam",
        "model_name": "unet_lite",
        "_possible_model_names": [
            "unet",
            "unet_lite",
            "dummy",
            "simple"
        ],
        "dataset_idx": 1,
        "mask_idx": 1
    },
    "masks": {
        "n_masks": 1000,
        "mask_kind": "lines",
        "_possible_mask_kinds": [
            "square",
            "lines"
        ],
        "square": {
            "mask_percentage": 0.1
        },
        "lines": {
            "num_lines": 5,
            "min_thickness": 1,
            "max_thickness": 3
        }
    },
    "dataset": {
        "nrows": 32,
        "ncols": 32
    },
    "model": {
        "unet": {
            "e_filters": [
                3,
                64,
                128,
                256,
                512,
                512,
                512,
                512,
                512
            ],
            "d_filters": [
                512,
                512,
                512,
                512,
                256,
                128,
                64,
                3,
                3
            ],
            "e_kernels": [
                3,
                3,
                3,
                3,
                3,
                3,
                3,
                3
            ],
            "d_kernels": [
                3,
                3,
                3,
                3,
                3,
                3,
                3,
                3,
                1
            ],
            "e_bn": [
                0,
                1,
                1,
                1,
                1,
                1,
                1,
                1
            ],
            "d_bn": [
                1,
                1,
                1,
                1,
                1,
                1,
                1,
                0
            ],
            "e_strides": [
                2,
                2,
                2,
                2,
                2,
                2,
                2,
                2
            ],
            "d_strides": [
                2,
                2,
                2,
                2,
                2,
                2,
                2,
                2
            ]
        },
        "unet_lite": {
            "e_filters": [
                3,
                32,
                32,
                64,
                64,
                128,
                128,
                256,
                256
            ],
            "d_filters": [
                256,
                128,
                128,
                64,
                64,
                32,
                32,
                3,
                3
            ],
            "e_kernels": [
                7,
                5,
                5,
                3,
                3,
                3,
                3,
                3
            ],
            "d_kernels": [
                3,
                3,
                3,
                3,
                3,
                3,
                3,
                3,
                1
            ],
            "e_bn": [
                0,
                1,
                0,
                1,
                0,
                1,
                0,
                1
            ],
            "e_strides": [
                1,
                2,
                1,
                2,
                1,
                2,
                1,
                2
            ]
        }
    }


